100
295767314
1093594115
1878467924
561877370
1101979660
1757361013
676747479
2085143622
1056793272
1664993794
21303393
275552121
549449304
1284570562
1657102335
1371462946
962584079
1051271004
1658661397
1414436097
2032348584
1661738718
1116708477
415271560
1028706328
696824676
252328030
1845021698
569184356
479074972
136797809
2125692416
296167901
1283246936
331909803
1908676996
1950065095
604298543
1468504690
1570232852
1028209748
1511467721
264403506
2063269907
949279072
423429618
659966766
790025659
75363617
378636552
1142109618
361757953
1521729757
888533219
250885260
308332596
1898564163
1947467789
1395351953
241464918
934627940
194642258
1429256273
2139959677
1543740405
1569613451
1914356891
2075690423
824532376
844152077
1070518888
897315311
823414659
1007534698
991830219
185310814
1527672935
722594429
1567639363
509357028
225794067
1516144243
1538161999
1399719297
1448820876
1033358788
2020192709
1132014861
1048107540
946806728
1559437055
1662568035
1856388127
1069557309
151535004
667695756
861767313
1643171871
1502024080
1638279940

